,result,table,_start,_stop,_time,_value,_field,_measurement,deployment,namespace
,mean,0,2026-03-01T04:09:05Z,2026-03-01T05:19:07Z,2026-03-01T04:09:10Z,0,response_time_raw,monitoring_cluster,hpa-flask-app,default
,mean,0,2026-03-01T04:09:05Z,2026-03-01T05:19:07Z,2026-03-01T04:09:20Z,0,response_time_raw,monitoring_cluster,hpa-flask-app,default
,mean,0,2026-03-01T04:09:05Z,2026-03-01T05:19:07Z,2026-03-01T04:09:30Z,0,response_time_raw,monitoring_cluster,hpa-flask-app,default
,mean,0,2026-03-01T04:09:05Z,2026-03-01T05:19:07Z,2026-03-01T04:09:40Z,0,response_time_raw,monitoring_cluster,hpa-flask-app,default
,mean,0,2026-03-01T04:09:05Z,2026-03-01T05:19:07Z,2026-03-01T04:09:50Z,0,response_time_raw,monitoring_cluster,hpa-flask-app,default
,mean,0,2026-03-01T04:09:05Z,2026-03-01T05:19:07Z,2026-03-01T04:10:00Z,0,response_time_raw,monitoring_cluster,hpa-flask-app,default
,mean,0,2026-03-01T04:09:05Z,2026-03-01T05:19:07Z,2026-03-01T04:10:10Z,0,response_time_raw,monitoring_cluster,hpa-flask-app,default
,mean,0,2026-03-01T04:09:05Z,2026-03-01T05:19:07Z,2026-03-01T04:10:20Z,0,response_time_raw,monitoring_cluster,hpa-flask-app,default
,mean,0,2026-03-01T04:09:05Z,2026-03-01T05:19:07Z,2026-03-01T04:10:30Z,0,response_time_raw,monitoring_cluster,hpa-flask-app,default
,mean,0,2026-03-01T04:09:05Z,2026-03-01T05:19:07Z,2026-03-01T04:10:40Z,0,response_time_raw,monitoring_cluster,hpa-flask-app,default
,mean,0,2026-03-01T04:09:05Z,2026-03-01T05:19:07Z,2026-03-01T04:10:50Z,0,response_time_raw,monitoring_cluster,hpa-flask-app,default
,mean,0,2026-03-01T04:09:05Z,2026-03-01T05:19:07Z,2026-03-01T04:11:00Z,0,response_time_raw,monitoring_cluster,hpa-flask-app,default
,mean,0,2026-03-01T04:09:05Z,2026-03-01T05:19:07Z,2026-03-01T04:11:10Z,29.02777777777778,response_time_raw,monitoring_cluster,hpa-flask-app,default
,mean,0,2026-03-01T04:09:05Z,2026-03-01T05:19:07Z,2026-03-01T04:11:20Z,261.25,response_time_raw,monitoring_cluster,hpa-flask-app,default
,mean,0,2026-03-01T04:09:05Z,2026-03-01T05:19:07Z,2026-03-01T04:11:30Z,261.25,response_time_raw,monitoring_cluster,hpa-flask-app,default
,mean,0,2026-03-01T04:09:05Z,2026-03-01T05:19:07Z,2026-03-01T04:11:40Z,262.2115384615384,response_time_raw,monitoring_cluster,hpa-flask-app,default
,mean,0,2026-03-01T04:09:05Z,2026-03-01T05:19:07Z,2026-03-01T04:11:50Z,269.27340888278394,response_time_raw,monitoring_cluster,hpa-flask-app,default
,mean,0,2026-03-01T04:09:05Z,2026-03-01T05:19:07Z,2026-03-01T04:12:00Z,269.1281512605042,response_time_raw,monitoring_cluster,hpa-flask-app,default
,mean,0,2026-03-01T04:09:05Z,2026-03-01T05:19:07Z,2026-03-01T04:12:10Z,268.9577546296296,response_time_raw,monitoring_cluster,hpa-flask-app,default
,mean,0,2026-03-01T04:09:05Z,2026-03-01T05:19:07Z,2026-03-01T04:12:20Z,265.45643187830694,response_time_raw,monitoring_cluster,hpa-flask-app,default
,mean,0,2026-03-01T04:09:05Z,2026-03-01T05:19:07Z,2026-03-01T04:12:30Z,261.16220238095235,response_time_raw,monitoring_cluster,hpa-flask-app,default
,mean,0,2026-03-01T04:09:05Z,2026-03-01T05:19:07Z,2026-03-01T04:12:40Z,261.1631214985994,response_time_raw,monitoring_cluster,hpa-flask-app,default
,mean,0,2026-03-01T04:09:05Z,2026-03-01T05:19:07Z,2026-03-01T04:12:50Z,261.2264384920635,response_time_raw,monitoring_cluster,hpa-flask-app,default
,mean,0,2026-03-01T04:09:05Z,2026-03-01T05:19:07Z,2026-03-01T04:13:00Z,266.2959558823529,response_time_raw,monitoring_cluster,hpa-flask-app,default
,mean,0,2026-03-01T04:09:05Z,2026-03-01T05:19:07Z,2026-03-01T04:13:10Z,269.0690651260504,response_time_raw,monitoring_cluster,hpa-flask-app,default
,mean,0,2026-03-01T04:09:05Z,2026-03-01T05:19:07Z,2026-03-01T04:13:20Z,269.0550595238096,response_time_raw,monitoring_cluster,hpa-flask-app,default
,mean,0,2026-03-01T04:09:05Z,2026-03-01T05:19:07Z,2026-03-01T04:13:30Z,269.02529761904765,response_time_raw,monitoring_cluster,hpa-flask-app,default
,mean,0,2026-03-01T04:09:05Z,2026-03-01T05:19:07Z,2026-03-01T04:13:40Z,261.69117647058823,response_time_raw,monitoring_cluster,hpa-flask-app,default
,mean,0,2026-03-01T04:09:05Z,2026-03-01T05:19:07Z,2026-03-01T04:13:50Z,261.25,response_time_raw,monitoring_cluster,hpa-flask-app,default
,mean,0,2026-03-01T04:09:05Z,2026-03-01T05:19:07Z,2026-03-01T04:14:00Z,261.25,response_time_raw,monitoring_cluster,hpa-flask-app,default
,mean,0,2026-03-01T04:09:05Z,2026-03-01T05:19:07Z,2026-03-01T04:14:10Z,261.25,response_time_raw,monitoring_cluster,hpa-flask-app,default
,mean,0,2026-03-01T04:09:05Z,2026-03-01T05:19:07Z,2026-03-01T04:14:20Z,261.25,response_time_raw,monitoring_cluster,hpa-flask-app,default
,mean,0,2026-03-01T04:09:05Z,2026-03-01T05:19:07Z,2026-03-01T04:14:30Z,365.1306216931217,response_time_raw,monitoring_cluster,hpa-flask-app,default
,mean,0,2026-03-01T04:09:05Z,2026-03-01T05:19:07Z,2026-03-01T04:14:40Z,621.9079025549615,response_time_raw,monitoring_cluster,hpa-flask-app,default
,mean,0,2026-03-01T04:09:05Z,2026-03-01T05:19:07Z,2026-03-01T04:14:50Z,1076.539351851852,response_time_raw,monitoring_cluster,hpa-flask-app,default
,mean,0,2026-03-01T04:09:05Z,2026-03-01T05:19:07Z,2026-03-01T04:15:00Z,1199.7971204495598,response_time_raw,monitoring_cluster,hpa-flask-app,default
,mean,0,2026-03-01T04:09:05Z,2026-03-01T05:19:07Z,2026-03-01T04:15:10Z,1239.716178429414,response_time_raw,monitoring_cluster,hpa-flask-app,default
,mean,0,2026-03-01T04:09:05Z,2026-03-01T05:19:07Z,2026-03-01T04:15:20Z,1261.8312923085118,response_time_raw,monitoring_cluster,hpa-flask-app,default
,mean,0,2026-03-01T04:09:05Z,2026-03-01T05:19:07Z,2026-03-01T04:15:30Z,1268.3293512231933,response_time_raw,monitoring_cluster,hpa-flask-app,default
,mean,0,2026-03-01T04:09:05Z,2026-03-01T05:19:07Z,2026-03-01T04:15:40Z,1281.6001655898915,response_time_raw,monitoring_cluster,hpa-flask-app,default
,mean,0,2026-03-01T04:09:05Z,2026-03-01T05:19:07Z,2026-03-01T04:15:50Z,1280.5606383398429,response_time_raw,monitoring_cluster,hpa-flask-app,default
,mean,0,2026-03-01T04:09:05Z,2026-03-01T05:19:07Z,2026-03-01T04:16:00Z,1274.8830388323838,response_time_raw,monitoring_cluster,hpa-flask-app,default
,mean,0,2026-03-01T04:09:05Z,2026-03-01T05:19:07Z,2026-03-01T04:16:10Z,1264.916539053052,response_time_raw,monitoring_cluster,hpa-flask-app,default
,mean,0,2026-03-01T04:09:05Z,2026-03-01T05:19:07Z,2026-03-01T04:16:20Z,1248.1368125327444,response_time_raw,monitoring_cluster,hpa-flask-app,default
,mean,0,2026-03-01T04:09:05Z,2026-03-01T05:19:07Z,2026-03-01T04:16:30Z,1182.310040010643,response_time_raw,monitoring_cluster,hpa-flask-app,default
,mean,0,2026-03-01T04:09:05Z,2026-03-01T05:19:07Z,2026-03-01T04:16:40Z,1109.4174051644993,response_time_raw,monitoring_cluster,hpa-flask-app,default
,mean,0,2026-03-01T04:09:05Z,2026-03-01T05:19:07Z,2026-03-01T04:16:50Z,1063.915592546595,response_time_raw,monitoring_cluster,hpa-flask-app,default
,mean,0,2026-03-01T04:09:05Z,2026-03-01T05:19:07Z,2026-03-01T04:17:00Z,1082.3943984152404,response_time_raw,monitoring_cluster,hpa-flask-app,default
,mean,0,2026-03-01T04:09:05Z,2026-03-01T05:19:07Z,2026-03-01T04:17:10Z,1096.1419304252322,response_time_raw,monitoring_cluster,hpa-flask-app,default
,mean,0,2026-03-01T04:09:05Z,2026-03-01T05:19:07Z,2026-03-01T04:17:20Z,1104.155079140106,response_time_raw,monitoring_cluster,hpa-flask-app,default
,mean,0,2026-03-01T04:09:05Z,2026-03-01T05:19:07Z,2026-03-01T04:17:30Z,1089.0101352944034,response_time_raw,monitoring_cluster,hpa-flask-app,default
,mean,0,2026-03-01T04:09:05Z,2026-03-01T05:19:07Z,2026-03-01T04:17:40Z,1068.5762393710222,response_time_raw,monitoring_cluster,hpa-flask-app,default
,mean,0,2026-03-01T04:09:05Z,2026-03-01T05:19:07Z,2026-03-01T04:17:50Z,1077.2566718706182,response_time_raw,monitoring_cluster,hpa-flask-app,default
,mean,0,2026-03-01T04:09:05Z,2026-03-01T05:19:07Z,2026-03-01T04:18:00Z,1081.4329033258643,response_time_raw,monitoring_cluster,hpa-flask-app,default
,mean,0,2026-03-01T04:09:05Z,2026-03-01T05:19:07Z,2026-03-01T04:18:10Z,1116.1930067815354,response_time_raw,monitoring_cluster,hpa-flask-app,default
,mean,0,2026-03-01T04:09:05Z,2026-03-01T05:19:07Z,2026-03-01T04:18:20Z,1142.2918735951293,response_time_raw,monitoring_cluster,hpa-flask-app,default
,mean,0,2026-03-01T04:09:05Z,2026-03-01T05:19:07Z,2026-03-01T04:18:30Z,1134.4507184457204,response_time_raw,monitoring_cluster,hpa-flask-app,default
,mean,0,2026-03-01T04:09:05Z,2026-03-01T05:19:07Z,2026-03-01T04:18:40Z,1130.673638497594,response_time_raw,monitoring_cluster,hpa-flask-app,default
,mean,0,2026-03-01T04:09:05Z,2026-03-01T05:19:07Z,2026-03-01T04:18:50Z,1123.601981562524,response_time_raw,monitoring_cluster,hpa-flask-app,default
,mean,0,2026-03-01T04:09:05Z,2026-03-01T05:19:07Z,2026-03-01T04:19:00Z,1124.1811213172853,response_time_raw,monitoring_cluster,hpa-flask-app,default
,mean,0,2026-03-01T04:09:05Z,2026-03-01T05:19:07Z,2026-03-01T04:19:10Z,1127.5490501543914,response_time_raw,monitoring_cluster,hpa-flask-app,default
,mean,0,2026-03-01T04:09:05Z,2026-03-01T05:19:07Z,2026-03-01T04:19:20Z,1141.0205916628297,response_time_raw,monitoring_cluster,hpa-flask-app,default
,mean,0,2026-03-01T04:09:05Z,2026-03-01T05:19:07Z,2026-03-01T04:19:30Z,1164.6475866617213,response_time_raw,monitoring_cluster,hpa-flask-app,default
,mean,0,2026-03-01T04:09:05Z,2026-03-01T05:19:07Z,2026-03-01T04:19:40Z,1172.335508768244,response_time_raw,monitoring_cluster,hpa-flask-app,default
,mean,0,2026-03-01T04:09:05Z,2026-03-01T05:19:07Z,2026-03-01T04:19:50Z,1184.1918777265735,response_time_raw,monitoring_cluster,hpa-flask-app,default
,mean,0,2026-03-01T04:09:05Z,2026-03-01T05:19:07Z,2026-03-01T04:20:00Z,1197.3345459216791,response_time_raw,monitoring_cluster,hpa-flask-app,default
,mean,0,2026-03-01T04:09:05Z,2026-03-01T05:19:07Z,2026-03-01T04:20:10Z,1193.7970501970033,response_time_raw,monitoring_cluster,hpa-flask-app,default
,mean,0,2026-03-01T04:09:05Z,2026-03-01T05:19:07Z,2026-03-01T04:20:20Z,1203.6885725813088,response_time_raw,monitoring_cluster,hpa-flask-app,default
,mean,0,2026-03-01T04:09:05Z,2026-03-01T05:19:07Z,2026-03-01T04:20:30Z,1199.7447857443922,response_time_raw,monitoring_cluster,hpa-flask-app,default
,mean,0,2026-03-01T04:09:05Z,2026-03-01T05:19:07Z,2026-03-01T04:20:40Z,1187.5750773233215,response_time_raw,monitoring_cluster,hpa-flask-app,default
,mean,0,2026-03-01T04:09:05Z,2026-03-01T05:19:07Z,2026-03-01T04:20:50Z,1186.282271792353,response_time_raw,monitoring_cluster,hpa-flask-app,default
,mean,0,2026-03-01T04:09:05Z,2026-03-01T05:19:07Z,2026-03-01T04:21:00Z,1162.870490426658,response_time_raw,monitoring_cluster,hpa-flask-app,default
,mean,0,2026-03-01T04:09:05Z,2026-03-01T05:19:07Z,2026-03-01T04:21:10Z,1149.3910449281607,response_time_raw,monitoring_cluster,hpa-flask-app,default
,mean,0,2026-03-01T04:09:05Z,2026-03-01T05:19:07Z,2026-03-01T04:21:20Z,1154.8495694328258,response_time_raw,monitoring_cluster,hpa-flask-app,default
,mean,0,2026-03-01T04:09:05Z,2026-03-01T05:19:07Z,2026-03-01T04:21:30Z,1158.4136622447968,response_time_raw,monitoring_cluster,hpa-flask-app,default
,mean,0,2026-03-01T04:09:05Z,2026-03-01T05:19:07Z,2026-03-01T04:21:40Z,1184.379953024751,response_time_raw,monitoring_cluster,hpa-flask-app,default
,mean,0,2026-03-01T04:09:05Z,2026-03-01T05:19:07Z,2026-03-01T04:21:50Z,1213.3068599942867,response_time_raw,monitoring_cluster,hpa-flask-app,default
,mean,0,2026-03-01T04:09:05Z,2026-03-01T05:19:07Z,2026-03-01T04:22:00Z,1219.0533270133758,response_time_raw,monitoring_cluster,hpa-flask-app,default
,mean,0,2026-03-01T04:09:05Z,2026-03-01T05:19:07Z,2026-03-01T04:22:10Z,1220.9691915557453,response_time_raw,monitoring_cluster,hpa-flask-app,default
,mean,0,2026-03-01T04:09:05Z,2026-03-01T05:19:07Z,2026-03-01T04:22:20Z,1212.3319503985877,response_time_raw,monitoring_cluster,hpa-flask-app,default
,mean,0,2026-03-01T04:09:05Z,2026-03-01T05:19:07Z,2026-03-01T04:22:30Z,1197.7121527283316,response_time_raw,monitoring_cluster,hpa-flask-app,default
,mean,0,2026-03-01T04:09:05Z,2026-03-01T05:19:07Z,2026-03-01T04:22:40Z,1187.9703427579477,response_time_raw,monitoring_cluster,hpa-flask-app,default
,mean,0,2026-03-01T04:09:05Z,2026-03-01T05:19:07Z,2026-03-01T04:22:50Z,1190.1352099144142,response_time_raw,monitoring_cluster,hpa-flask-app,default
,mean,0,2026-03-01T04:09:05Z,2026-03-01T05:19:07Z,2026-03-01T04:23:00Z,1187.1296250744176,response_time_raw,monitoring_cluster,hpa-flask-app,default
,mean,0,2026-03-01T04:09:05Z,2026-03-01T05:19:07Z,2026-03-01T04:23:10Z,1200.1070384109887,response_time_raw,monitoring_cluster,hpa-flask-app,default
,mean,0,2026-03-01T04:09:05Z,2026-03-01T05:19:07Z,2026-03-01T04:23:20Z,1205.3475801300938,response_time_raw,monitoring_cluster,hpa-flask-app,default
,mean,0,2026-03-01T04:09:05Z,2026-03-01T05:19:07Z,2026-03-01T04:23:30Z,1211.5219128614424,response_time_raw,monitoring_cluster,hpa-flask-app,default
,mean,0,2026-03-01T04:09:05Z,2026-03-01T05:19:07Z,2026-03-01T04:23:40Z,1221.2241565952597,response_time_raw,monitoring_cluster,hpa-flask-app,default
,mean,0,2026-03-01T04:09:05Z,2026-03-01T05:19:07Z,2026-03-01T04:23:50Z,1220.8942074769247,response_time_raw,monitoring_cluster,hpa-flask-app,default
,mean,0,2026-03-01T04:09:05Z,2026-03-01T05:19:07Z,2026-03-01T04:24:00Z,1210.5750979714494,response_time_raw,monitoring_cluster,hpa-flask-app,default
,mean,0,2026-03-01T04:09:05Z,2026-03-01T05:19:07Z,2026-03-01T04:24:10Z,1188.0259415302362,response_time_raw,monitoring_cluster,hpa-flask-app,default
,mean,0,2026-03-01T04:09:05Z,2026-03-01T05:19:07Z,2026-03-01T04:24:20Z,1177.926186482971,response_time_raw,monitoring_cluster,hpa-flask-app,default
,mean,0,2026-03-01T04:09:05Z,2026-03-01T05:19:07Z,2026-03-01T04:24:30Z,1181.9844168052039,response_time_raw,monitoring_cluster,hpa-flask-app,default
,mean,0,2026-03-01T04:09:05Z,2026-03-01T05:19:07Z,2026-03-01T04:24:40Z,1201.1903271184738,response_time_raw,monitoring_cluster,hpa-flask-app,default
,mean,0,2026-03-01T04:09:05Z,2026-03-01T05:19:07Z,2026-03-01T04:24:50Z,1212.641438796039,response_time_raw,monitoring_cluster,hpa-flask-app,default
,mean,0,2026-03-01T04:09:05Z,2026-03-01T05:19:07Z,2026-03-01T04:25:00Z,1207.9321527489883,response_time_raw,monitoring_cluster,hpa-flask-app,default
,mean,0,2026-03-01T04:09:05Z,2026-03-01T05:19:07Z,2026-03-01T04:25:10Z,1207.0905590325171,response_time_raw,monitoring_cluster,hpa-flask-app,default
,mean,0,2026-03-01T04:09:05Z,2026-03-01T05:19:07Z,2026-03-01T04:25:20Z,1219.452814920655,response_time_raw,monitoring_cluster,hpa-flask-app,default
,mean,0,2026-03-01T04:09:05Z,2026-03-01T05:19:07Z,2026-03-01T04:25:30Z,1233.1828205902223,response_time_raw,monitoring_cluster,hpa-flask-app,default
,mean,0,2026-03-01T04:09:05Z,2026-03-01T05:19:07Z,2026-03-01T04:25:40Z,1243.7952508992385,response_time_raw,monitoring_cluster,hpa-flask-app,default
,mean,0,2026-03-01T04:09:05Z,2026-03-01T05:19:07Z,2026-03-01T04:25:50Z,1246.2000286734299,response_time_raw,monitoring_cluster,hpa-flask-app,default
,mean,0,2026-03-01T04:09:05Z,2026-03-01T05:19:07Z,2026-03-01T04:26:00Z,1238.4170537699376,response_time_raw,monitoring_cluster,hpa-flask-app,default
,mean,0,2026-03-01T04:09:05Z,2026-03-01T05:19:07Z,2026-03-01T04:26:10Z,1234.562748001323,response_time_raw,monitoring_cluster,hpa-flask-app,default
,mean,0,2026-03-01T04:09:05Z,2026-03-01T05:19:07Z,2026-03-01T04:26:20Z,1230.3964682778092,response_time_raw,monitoring_cluster,hpa-flask-app,default
,mean,0,2026-03-01T04:09:05Z,2026-03-01T05:19:07Z,2026-03-01T04:26:30Z,1223.969130025083,response_time_raw,monitoring_cluster,hpa-flask-app,default
,mean,0,2026-03-01T04:09:05Z,2026-03-01T05:19:07Z,2026-03-01T04:26:40Z,1221.4182321450069,response_time_raw,monitoring_cluster,hpa-flask-app,default
,mean,0,2026-03-01T04:09:05Z,2026-03-01T05:19:07Z,2026-03-01T04:26:50Z,1204.3353187908913,response_time_raw,monitoring_cluster,hpa-flask-app,default
,mean,0,2026-03-01T04:09:05Z,2026-03-01T05:19:07Z,2026-03-01T04:27:00Z,1199.7651445733572,response_time_raw,monitoring_cluster,hpa-flask-app,default
,mean,0,2026-03-01T04:09:05Z,2026-03-01T05:19:07Z,2026-03-01T04:27:10Z,1189.1093991462305,response_time_raw,monitoring_cluster,hpa-flask-app,default
,mean,0,2026-03-01T04:09:05Z,2026-03-01T05:19:07Z,2026-03-01T04:27:20Z,1189.7985162254367,response_time_raw,monitoring_cluster,hpa-flask-app,default
,mean,0,2026-03-01T04:09:05Z,2026-03-01T05:19:07Z,2026-03-01T04:27:30Z,1199.1478349573733,response_time_raw,monitoring_cluster,hpa-flask-app,default
,mean,0,2026-03-01T04:09:05Z,2026-03-01T05:19:07Z,2026-03-01T04:27:40Z,1208.8237152130405,response_time_raw,monitoring_cluster,hpa-flask-app,default
,mean,0,2026-03-01T04:09:05Z,2026-03-01T05:19:07Z,2026-03-01T04:27:50Z,1212.6284302751196,response_time_raw,monitoring_cluster,hpa-flask-app,default
,mean,0,2026-03-01T04:09:05Z,2026-03-01T05:19:07Z,2026-03-01T04:28:00Z,1211.9016456102809,response_time_raw,monitoring_cluster,hpa-flask-app,default
,mean,0,2026-03-01T04:09:05Z,2026-03-01T05:19:07Z,2026-03-01T04:28:10Z,1222.4508119618338,response_time_raw,monitoring_cluster,hpa-flask-app,default
,mean,0,2026-03-01T04:09:05Z,2026-03-01T05:19:07Z,2026-03-01T04:28:20Z,1218.169800199926,response_time_raw,monitoring_cluster,hpa-flask-app,default
,mean,0,2026-03-01T04:09:05Z,2026-03-01T05:19:07Z,2026-03-01T04:28:30Z,1205.3527663840287,response_time_raw,monitoring_cluster,hpa-flask-app,default
,mean,0,2026-03-01T04:09:05Z,2026-03-01T05:19:07Z,2026-03-01T04:28:40Z,1180.6170805848417,response_time_raw,monitoring_cluster,hpa-flask-app,default
,mean,0,2026-03-01T04:09:05Z,2026-03-01T05:19:07Z,2026-03-01T04:28:50Z,1167.2564404760935,response_time_raw,monitoring_cluster,hpa-flask-app,default
,mean,0,2026-03-01T04:09:05Z,2026-03-01T05:19:07Z,2026-03-01T04:29:00Z,1169.8930660753658,response_time_raw,monitoring_cluster,hpa-flask-app,default
,mean,0,2026-03-01T04:09:05Z,2026-03-01T05:19:07Z,2026-03-01T04:29:10Z,1192.3669873410884,response_time_raw,monitoring_cluster,hpa-flask-app,default
,mean,0,2026-03-01T04:09:05Z,2026-03-01T05:19:07Z,2026-03-01T04:29:20Z,1201.4116134867156,response_time_raw,monitoring_cluster,hpa-flask-app,default
,mean,0,2026-03-01T04:09:05Z,2026-03-01T05:19:07Z,2026-03-01T04:29:30Z,1208.2776388899854,response_time_raw,monitoring_cluster,hpa-flask-app,default
,mean,0,2026-03-01T04:09:05Z,2026-03-01T05:19:07Z,2026-03-01T04:29:40Z,1207.1508773708363,response_time_raw,monitoring_cluster,hpa-flask-app,default
,mean,0,2026-03-01T04:09:05Z,2026-03-01T05:19:07Z,2026-03-01T04:29:50Z,1195.680106608574,response_time_raw,monitoring_cluster,hpa-flask-app,default
,mean,0,2026-03-01T04:09:05Z,2026-03-01T05:19:07Z,2026-03-01T04:30:00Z,1189.056490508059,response_time_raw,monitoring_cluster,hpa-flask-app,default
,mean,0,2026-03-01T04:09:05Z,2026-03-01T05:19:07Z,2026-03-01T04:30:10Z,1161.2007025904159,response_time_raw,monitoring_cluster,hpa-flask-app,default
,mean,0,2026-03-01T04:09:05Z,2026-03-01T05:19:07Z,2026-03-01T04:30:20Z,1117.9086290763235,response_time_raw,monitoring_cluster,hpa-flask-app,default
,mean,0,2026-03-01T04:09:05Z,2026-03-01T05:19:07Z,2026-03-01T04:30:30Z,1061.165951793389,response_time_raw,monitoring_cluster,hpa-flask-app,default
,mean,0,2026-03-01T04:09:05Z,2026-03-01T05:19:07Z,2026-03-01T04:30:40Z,974.94685190146,response_time_raw,monitoring_cluster,hpa-flask-app,default
,mean,0,2026-03-01T04:09:05Z,2026-03-01T05:19:07Z,2026-03-01T04:30:50Z,952.9077177085027,response_time_raw,monitoring_cluster,hpa-flask-app,default
,mean,0,2026-03-01T04:09:05Z,2026-03-01T05:19:07Z,2026-03-01T04:31:00Z,943.9674856277722,response_time_raw,monitoring_cluster,hpa-flask-app,default
,mean,0,2026-03-01T04:09:05Z,2026-03-01T05:19:07Z,2026-03-01T04:31:10Z,868.1727385385398,response_time_raw,monitoring_cluster,hpa-flask-app,default
,mean,0,2026-03-01T04:09:05Z,2026-03-01T05:19:07Z,2026-03-01T04:31:20Z,671.1635820927687,response_time_raw,monitoring_cluster,hpa-flask-app,default
,mean,0,2026-03-01T04:09:05Z,2026-03-01T05:19:07Z,2026-03-01T04:31:30Z,522.3208172493028,response_time_raw,monitoring_cluster,hpa-flask-app,default
,mean,0,2026-03-01T04:09:05Z,2026-03-01T05:19:07Z,2026-03-01T04:31:40Z,494.1501781877843,response_time_raw,monitoring_cluster,hpa-flask-app,default
,mean,0,2026-03-01T04:09:05Z,2026-03-01T05:19:07Z,2026-03-01T04:31:50Z,485.0469849378339,response_time_raw,monitoring_cluster,hpa-flask-app,default
,mean,0,2026-03-01T04:09:05Z,2026-03-01T05:19:07Z,2026-03-01T04:32:00Z,494.8006262823094,response_time_raw,monitoring_cluster,hpa-flask-app,default
,mean,0,2026-03-01T04:09:05Z,2026-03-01T05:19:07Z,2026-03-01T04:32:10Z,497.5830749584663,response_time_raw,monitoring_cluster,hpa-flask-app,default
,mean,0,2026-03-01T04:09:05Z,2026-03-01T05:19:07Z,2026-03-01T04:32:20Z,505.03171378700085,response_time_raw,monitoring_cluster,hpa-flask-app,default
,mean,0,2026-03-01T04:09:05Z,2026-03-01T05:19:07Z,2026-03-01T04:32:30Z,553.2925221588372,response_time_raw,monitoring_cluster,hpa-flask-app,default
,mean,0,2026-03-01T04:09:05Z,2026-03-01T05:19:07Z,2026-03-01T04:32:40Z,891.3769947230423,response_time_raw,monitoring_cluster,hpa-flask-app,default
,mean,0,2026-03-01T04:09:05Z,2026-03-01T05:19:07Z,2026-03-01T04:32:50Z,1062.8315110847716,response_time_raw,monitoring_cluster,hpa-flask-app,default
,mean,0,2026-03-01T04:09:05Z,2026-03-01T05:19:07Z,2026-03-01T04:33:00Z,1138.8465787435528,response_time_raw,monitoring_cluster,hpa-flask-app,default
,mean,0,2026-03-01T04:09:05Z,2026-03-01T05:19:07Z,2026-03-01T04:33:10Z,1167.031291331671,response_time_raw,monitoring_cluster,hpa-flask-app,default
,mean,0,2026-03-01T04:09:05Z,2026-03-01T05:19:07Z,2026-03-01T04:33:20Z,1170.7080212921617,response_time_raw,monitoring_cluster,hpa-flask-app,default
,mean,0,2026-03-01T04:09:05Z,2026-03-01T05:19:07Z,2026-03-01T04:33:30Z,1185.946480552324,response_time_raw,monitoring_cluster,hpa-flask-app,default
,mean,0,2026-03-01T04:09:05Z,2026-03-01T05:19:07Z,2026-03-01T04:33:40Z,1197.1593013499078,response_time_raw,monitoring_cluster,hpa-flask-app,default
,mean,0,2026-03-01T04:09:05Z,2026-03-01T05:19:07Z,2026-03-01T04:33:50Z,1210.4243409638168,response_time_raw,monitoring_cluster,hpa-flask-app,default
,mean,0,2026-03-01T04:09:05Z,2026-03-01T05:19:07Z,2026-03-01T04:34:00Z,1220.175803585525,response_time_raw,monitoring_cluster,hpa-flask-app,default
,mean,0,2026-03-01T04:09:05Z,2026-03-01T05:19:07Z,2026-03-01T04:34:10Z,1219.897947182393,response_time_raw,monitoring_cluster,hpa-flask-app,default
,mean,0,2026-03-01T04:09:05Z,2026-03-01T05:19:07Z,2026-03-01T04:34:20Z,1215.5327315752925,response_time_raw,monitoring_cluster,hpa-flask-app,default
,mean,0,2026-03-01T04:09:05Z,2026-03-01T05:19:07Z,2026-03-01T04:34:30Z,1205.2865727477442,response_time_raw,monitoring_cluster,hpa-flask-app,default
,mean,0,2026-03-01T04:09:05Z,2026-03-01T05:19:07Z,2026-03-01T04:34:40Z,1186.2951966526944,response_time_raw,monitoring_cluster,hpa-flask-app,default
,mean,0,2026-03-01T04:09:05Z,2026-03-01T05:19:07Z,2026-03-01T04:34:50Z,1185.8530499008316,response_time_raw,monitoring_cluster,hpa-flask-app,default
,mean,0,2026-03-01T04:09:05Z,2026-03-01T05:19:07Z,2026-03-01T04:35:00Z,1185.1906460512098,response_time_raw,monitoring_cluster,hpa-flask-app,default
,mean,0,2026-03-01T04:09:05Z,2026-03-01T05:19:07Z,2026-03-01T04:35:10Z,1184.329595931651,response_time_raw,monitoring_cluster,hpa-flask-app,default
,mean,0,2026-03-01T04:09:05Z,2026-03-01T05:19:07Z,2026-03-01T04:35:20Z,1183.4298796845178,response_time_raw,monitoring_cluster,hpa-flask-app,default
,mean,0,2026-03-01T04:09:05Z,2026-03-01T05:19:07Z,2026-03-01T04:35:30Z,1182.8366433472636,response_time_raw,monitoring_cluster,hpa-flask-app,default
,mean,0,2026-03-01T04:09:05Z,2026-03-01T05:19:07Z,2026-03-01T04:35:40Z,1186.9892544939435,response_time_raw,monitoring_cluster,hpa-flask-app,default
,mean,0,2026-03-01T04:09:05Z,2026-03-01T05:19:07Z,2026-03-01T04:35:50Z,1200.2773727481804,response_time_raw,monitoring_cluster,hpa-flask-app,default
,mean,0,2026-03-01T04:09:05Z,2026-03-01T05:19:07Z,2026-03-01T04:36:00Z,1211.2891648346642,response_time_raw,monitoring_cluster,hpa-flask-app,default
,mean,0,2026-03-01T04:09:05Z,2026-03-01T05:19:07Z,2026-03-01T04:36:10Z,1219.8767052414273,response_time_raw,monitoring_cluster,hpa-flask-app,default
,mean,0,2026-03-01T04:09:05Z,2026-03-01T05:19:07Z,2026-03-01T04:36:20Z,1221.5948184915574,response_time_raw,monitoring_cluster,hpa-flask-app,default
,mean,0,2026-03-01T04:09:05Z,2026-03-01T05:19:07Z,2026-03-01T04:36:30Z,1220.949910970225,response_time_raw,monitoring_cluster,hpa-flask-app,default
,mean,0,2026-03-01T04:09:05Z,2026-03-01T05:19:07Z,2026-03-01T04:36:40Z,1212.055102522934,response_time_raw,monitoring_cluster,hpa-flask-app,default
,mean,0,2026-03-01T04:09:05Z,2026-03-01T05:19:07Z,2026-03-01T04:36:50Z,1209.066046741678,response_time_raw,monitoring_cluster,hpa-flask-app,default
,mean,0,2026-03-01T04:09:05Z,2026-03-01T05:19:07Z,2026-03-01T04:37:00Z,1213.3655616917847,response_time_raw,monitoring_cluster,hpa-flask-app,default
,mean,0,2026-03-01T04:09:05Z,2026-03-01T05:19:07Z,2026-03-01T04:37:10Z,1218.966687026804,response_time_raw,monitoring_cluster,hpa-flask-app,default
,mean,0,2026-03-01T04:09:05Z,2026-03-01T05:19:07Z,2026-03-01T04:37:20Z,1229.6165573522364,response_time_raw,monitoring_cluster,hpa-flask-app,default
,mean,0,2026-03-01T04:09:05Z,2026-03-01T05:19:07Z,2026-03-01T04:37:30Z,1233.7285475015155,response_time_raw,monitoring_cluster,hpa-flask-app,default
,mean,0,2026-03-01T04:09:05Z,2026-03-01T05:19:07Z,2026-03-01T04:37:40Z,1235.9240337986084,response_time_raw,monitoring_cluster,hpa-flask-app,default
,mean,0,2026-03-01T04:09:05Z,2026-03-01T05:19:07Z,2026-03-01T04:37:50Z,1225.588144828213,response_time_raw,monitoring_cluster,hpa-flask-app,default
,mean,0,2026-03-01T04:09:05Z,2026-03-01T05:19:07Z,2026-03-01T04:38:00Z,1219.1814046234165,response_time_raw,monitoring_cluster,hpa-flask-app,default
,mean,0,2026-03-01T04:09:05Z,2026-03-01T05:19:07Z,2026-03-01T04:38:10Z,1219.7432395549283,response_time_raw,monitoring_cluster,hpa-flask-app,default
,mean,0,2026-03-01T04:09:05Z,2026-03-01T05:19:07Z,2026-03-01T04:38:20Z,1211.0384266788042,response_time_raw,monitoring_cluster,hpa-flask-app,default
,mean,0,2026-03-01T04:09:05Z,2026-03-01T05:19:07Z,2026-03-01T04:38:30Z,1218.061281894687,response_time_raw,monitoring_cluster,hpa-flask-app,default
,mean,0,2026-03-01T04:09:05Z,2026-03-01T05:19:07Z,2026-03-01T04:38:40Z,1212.5731641207008,response_time_raw,monitoring_cluster,hpa-flask-app,default
,mean,0,2026-03-01T04:09:05Z,2026-03-01T05:19:07Z,2026-03-01T04:38:50Z,1213.3499207893979,response_time_raw,monitoring_cluster,hpa-flask-app,default
,mean,0,2026-03-01T04:09:05Z,2026-03-01T05:19:07Z,2026-03-01T04:39:00Z,1220.8493586690613,response_time_raw,monitoring_cluster,hpa-flask-app,default
,mean,0,2026-03-01T04:09:05Z,2026-03-01T05:19:07Z,2026-03-01T04:39:10Z,1224.208596626567,response_time_raw,monitoring_cluster,hpa-flask-app,default
,mean,0,2026-03-01T04:09:05Z,2026-03-01T05:19:07Z,2026-03-01T04:39:20Z,1227.3293459189797,response_time_raw,monitoring_cluster,hpa-flask-app,default
,mean,0,2026-03-01T04:09:05Z,2026-03-01T05:19:07Z,2026-03-01T04:39:30Z,1226.3241740841968,response_time_raw,monitoring_cluster,hpa-flask-app,default
,mean,0,2026-03-01T04:09:05Z,2026-03-01T05:19:07Z,2026-03-01T04:39:40Z,1218.3844922905325,response_time_raw,monitoring_cluster,hpa-flask-app,default
,mean,0,2026-03-01T04:09:05Z,2026-03-01T05:19:07Z,2026-03-01T04:39:50Z,1210.0531413429771,response_time_raw,monitoring_cluster,hpa-flask-app,default
,mean,0,2026-03-01T04:09:05Z,2026-03-01T05:19:07Z,2026-03-01T04:40:00Z,1197.2458950869418,response_time_raw,monitoring_cluster,hpa-flask-app,default
,mean,0,2026-03-01T04:09:05Z,2026-03-01T05:19:07Z,2026-03-01T04:40:10Z,1196.2200172447656,response_time_raw,monitoring_cluster,hpa-flask-app,default
,mean,0,2026-03-01T04:09:05Z,2026-03-01T05:19:07Z,2026-03-01T04:40:20Z,1202.90431212618,response_time_raw,monitoring_cluster,hpa-flask-app,default
,mean,0,2026-03-01T04:09:05Z,2026-03-01T05:19:07Z,2026-03-01T04:40:30Z,1218.8034508250953,response_time_raw,monitoring_cluster,hpa-flask-app,default
,mean,0,2026-03-01T04:09:05Z,2026-03-01T05:19:07Z,2026-03-01T04:40:40Z,1227.121395231471,response_time_raw,monitoring_cluster,hpa-flask-app,default
,mean,0,2026-03-01T04:09:05Z,2026-03-01T05:19:07Z,2026-03-01T04:40:50Z,1230.9661067626405,response_time_raw,monitoring_cluster,hpa-flask-app,default
,mean,0,2026-03-01T04:09:05Z,2026-03-01T05:19:07Z,2026-03-01T04:41:00Z,1224.9975474266669,response_time_raw,monitoring_cluster,hpa-flask-app,default
,mean,0,2026-03-01T04:09:05Z,2026-03-01T05:19:07Z,2026-03-01T04:41:10Z,1222.3662097609663,response_time_raw,monitoring_cluster,hpa-flask-app,default
,mean,0,2026-03-01T04:09:05Z,2026-03-01T05:19:07Z,2026-03-01T04:41:20Z,1222.1283932090894,response_time_raw,monitoring_cluster,hpa-flask-app,default
,mean,0,2026-03-01T04:09:05Z,2026-03-01T05:19:07Z,2026-03-01T04:41:30Z,1226.4855811630089,response_time_raw,monitoring_cluster,hpa-flask-app,default
,mean,0,2026-03-01T04:09:05Z,2026-03-01T05:19:07Z,2026-03-01T04:41:40Z,1232.492816797484,response_time_raw,monitoring_cluster,hpa-flask-app,default
,mean,0,2026-03-01T04:09:05Z,2026-03-01T05:19:07Z,2026-03-01T04:41:50Z,1232.3918599620347,response_time_raw,monitoring_cluster,hpa-flask-app,default
,mean,0,2026-03-01T04:09:05Z,2026-03-01T05:19:07Z,2026-03-01T04:42:00Z,1233.4446581880288,response_time_raw,monitoring_cluster,hpa-flask-app,default
,mean,0,2026-03-01T04:09:05Z,2026-03-01T05:19:07Z,2026-03-01T04:42:10Z,1228.9652830863577,response_time_raw,monitoring_cluster,hpa-flask-app,default
,mean,0,2026-03-01T04:09:05Z,2026-03-01T05:19:07Z,2026-03-01T04:42:20Z,1222.02012010245,response_time_raw,monitoring_cluster,hpa-flask-app,default
,mean,0,2026-03-01T04:09:05Z,2026-03-01T05:19:07Z,2026-03-01T04:42:30Z,1221.8171195355167,response_time_raw,monitoring_cluster,hpa-flask-app,default
,mean,0,2026-03-01T04:09:05Z,2026-03-01T05:19:07Z,2026-03-01T04:42:40Z,1222.8279209737827,response_time_raw,monitoring_cluster,hpa-flask-app,default
,mean,0,2026-03-01T04:09:05Z,2026-03-01T05:19:07Z,2026-03-01T04:42:50Z,1224.9594499519105,response_time_raw,monitoring_cluster,hpa-flask-app,default
,mean,0,2026-03-01T04:09:05Z,2026-03-01T05:19:07Z,2026-03-01T04:43:00Z,1227.6211151175216,response_time_raw,monitoring_cluster,hpa-flask-app,default
,mean,0,2026-03-01T04:09:05Z,2026-03-01T05:19:07Z,2026-03-01T04:43:10Z,1226.4544753952543,response_time_raw,monitoring_cluster,hpa-flask-app,default
,mean,0,2026-03-01T04:09:05Z,2026-03-01T05:19:07Z,2026-03-01T04:43:20Z,1232.6495801575247,response_time_raw,monitoring_cluster,hpa-flask-app,default
,mean,0,2026-03-01T04:09:05Z,2026-03-01T05:19:07Z,2026-03-01T04:43:30Z,1235.452628196582,response_time_raw,monitoring_cluster,hpa-flask-app,default
,mean,0,2026-03-01T04:09:05Z,2026-03-01T05:19:07Z,2026-03-01T04:43:40Z,1239.0800744266558,response_time_raw,monitoring_cluster,hpa-flask-app,default
,mean,0,2026-03-01T04:09:05Z,2026-03-01T05:19:07Z,2026-03-01T04:43:50Z,1235.2233175339397,response_time_raw,monitoring_cluster,hpa-flask-app,default
,mean,0,2026-03-01T04:09:05Z,2026-03-01T05:19:07Z,2026-03-01T04:44:00Z,1222.7555117232466,response_time_raw,monitoring_cluster,hpa-flask-app,default
,mean,0,2026-03-01T04:09:05Z,2026-03-01T05:19:07Z,2026-03-01T04:44:10Z,1213.4214303808233,response_time_raw,monitoring_cluster,hpa-flask-app,default
,mean,0,2026-03-01T04:09:05Z,2026-03-01T05:19:07Z,2026-03-01T04:44:20Z,1205.528855532542,response_time_raw,monitoring_cluster,hpa-flask-app,default
,mean,0,2026-03-01T04:09:05Z,2026-03-01T05:19:07Z,2026-03-01T04:44:30Z,1202.7370515902478,response_time_raw,monitoring_cluster,hpa-flask-app,default
,mean,0,2026-03-01T04:09:05Z,2026-03-01T05:19:07Z,2026-03-01T04:44:40Z,1201.0250970734214,response_time_raw,monitoring_cluster,hpa-flask-app,default
,mean,0,2026-03-01T04:09:05Z,2026-03-01T05:19:07Z,2026-03-01T04:44:50Z,1194.9253668507959,response_time_raw,monitoring_cluster,hpa-flask-app,default
,mean,0,2026-03-01T04:09:05Z,2026-03-01T05:19:07Z,2026-03-01T04:45:00Z,1181.6343473495563,response_time_raw,monitoring_cluster,hpa-flask-app,default
,mean,0,2026-03-01T04:09:05Z,2026-03-01T05:19:07Z,2026-03-01T04:45:10Z,1172.1670065454857,response_time_raw,monitoring_cluster,hpa-flask-app,default
,mean,0,2026-03-01T04:09:05Z,2026-03-01T05:19:07Z,2026-03-01T04:45:20Z,1165.614489170669,response_time_raw,monitoring_cluster,hpa-flask-app,default
,mean,0,2026-03-01T04:09:05Z,2026-03-01T05:19:07Z,2026-03-01T04:45:30Z,1153.9744511646354,response_time_raw,monitoring_cluster,hpa-flask-app,default
,mean,0,2026-03-01T04:09:05Z,2026-03-01T05:19:07Z,2026-03-01T04:45:40Z,1153.3074077012122,response_time_raw,monitoring_cluster,hpa-flask-app,default
,mean,0,2026-03-01T04:09:05Z,2026-03-01T05:19:07Z,2026-03-01T04:45:50Z,1140.147959980216,response_time_raw,monitoring_cluster,hpa-flask-app,default
,mean,0,2026-03-01T04:09:05Z,2026-03-01T05:19:07Z,2026-03-01T04:46:00Z,1122.1269993291876,response_time_raw,monitoring_cluster,hpa-flask-app,default
,mean,0,2026-03-01T04:09:05Z,2026-03-01T05:19:07Z,2026-03-01T04:46:10Z,1098.9848716514718,response_time_raw,monitoring_cluster,hpa-flask-app,default
,mean,0,2026-03-01T04:09:05Z,2026-03-01T05:19:07Z,2026-03-01T04:46:20Z,1072.3562854719037,response_time_raw,monitoring_cluster,hpa-flask-app,default
,mean,0,2026-03-01T04:09:05Z,2026-03-01T05:19:07Z,2026-03-01T04:46:30Z,1047.693680923298,response_time_raw,monitoring_cluster,hpa-flask-app,default
,mean,0,2026-03-01T04:09:05Z,2026-03-01T05:19:07Z,2026-03-01T04:46:40Z,1012.5456534570512,response_time_raw,monitoring_cluster,hpa-flask-app,default
,mean,0,2026-03-01T04:09:05Z,2026-03-01T05:19:07Z,2026-03-01T04:46:50Z,982.3058253837769,response_time_raw,monitoring_cluster,hpa-flask-app,default
,mean,0,2026-03-01T04:09:05Z,2026-03-01T05:19:07Z,2026-03-01T04:47:00Z,964.8512404325613,response_time_raw,monitoring_cluster,hpa-flask-app,default
,mean,0,2026-03-01T04:09:05Z,2026-03-01T05:19:07Z,2026-03-01T04:47:10Z,950.7412723700958,response_time_raw,monitoring_cluster,hpa-flask-app,default
,mean,0,2026-03-01T04:09:05Z,2026-03-01T05:19:07Z,2026-03-01T04:47:20Z,907.1108244061236,response_time_raw,monitoring_cluster,hpa-flask-app,default
,mean,0,2026-03-01T04:09:05Z,2026-03-01T05:19:07Z,2026-03-01T04:47:30Z,870.4706801273262,response_time_raw,monitoring_cluster,hpa-flask-app,default
,mean,0,2026-03-01T04:09:05Z,2026-03-01T05:19:07Z,2026-03-01T04:47:40Z,785.3973777797718,response_time_raw,monitoring_cluster,hpa-flask-app,default
,mean,0,2026-03-01T04:09:05Z,2026-03-01T05:19:07Z,2026-03-01T04:47:50Z,769.2127400204317,response_time_raw,monitoring_cluster,hpa-flask-app,default
,mean,0,2026-03-01T04:09:05Z,2026-03-01T05:19:07Z,2026-03-01T04:48:00Z,676.256055661385,response_time_raw,monitoring_cluster,hpa-flask-app,default
,mean,0,2026-03-01T04:09:05Z,2026-03-01T05:19:07Z,2026-03-01T04:48:10Z,542.2945211781077,response_time_raw,monitoring_cluster,hpa-flask-app,default
,mean,0,2026-03-01T04:09:05Z,2026-03-01T05:19:07Z,2026-03-01T04:48:20Z,503.23988149329864,response_time_raw,monitoring_cluster,hpa-flask-app,default
,mean,0,2026-03-01T04:09:05Z,2026-03-01T05:19:07Z,2026-03-01T04:48:30Z,474.8942032439093,response_time_raw,monitoring_cluster,hpa-flask-app,default
,mean,0,2026-03-01T04:09:05Z,2026-03-01T05:19:07Z,2026-03-01T04:48:40Z,469.82818937576525,response_time_raw,monitoring_cluster,hpa-flask-app,default
,mean,0,2026-03-01T04:09:05Z,2026-03-01T05:19:07Z,2026-03-01T04:48:50Z,473.94140762057697,response_time_raw,monitoring_cluster,hpa-flask-app,default
,mean,0,2026-03-01T04:09:05Z,2026-03-01T05:19:07Z,2026-03-01T04:49:00Z,475.89243187381646,response_time_raw,monitoring_cluster,hpa-flask-app,default
,mean,0,2026-03-01T04:09:05Z,2026-03-01T05:19:07Z,2026-03-01T04:49:10Z,474.59115616612246,response_time_raw,monitoring_cluster,hpa-flask-app,default
,mean,0,2026-03-01T04:09:05Z,2026-03-01T05:19:07Z,2026-03-01T04:49:20Z,469.0104957820109,response_time_raw,monitoring_cluster,hpa-flask-app,default
,mean,0,2026-03-01T04:09:05Z,2026-03-01T05:19:07Z,2026-03-01T04:49:30Z,458.92744610581985,response_time_raw,monitoring_cluster,hpa-flask-app,default
,mean,0,2026-03-01T04:09:05Z,2026-03-01T05:19:07Z,2026-03-01T04:49:40Z,458.27193099756136,response_time_raw,monitoring_cluster,hpa-flask-app,default
,mean,0,2026-03-01T04:09:05Z,2026-03-01T05:19:07Z,2026-03-01T04:49:50Z,461.9624605035243,response_time_raw,monitoring_cluster,hpa-flask-app,default
,mean,0,2026-03-01T04:09:05Z,2026-03-01T05:19:07Z,2026-03-01T04:50:00Z,466.0115141579946,response_time_raw,monitoring_cluster,hpa-flask-app,default
,mean,0,2026-03-01T04:09:05Z,2026-03-01T05:19:07Z,2026-03-01T04:50:10Z,462.437000276849,response_time_raw,monitoring_cluster,hpa-flask-app,default
,mean,0,2026-03-01T04:09:05Z,2026-03-01T05:19:07Z,2026-03-01T04:50:20Z,451.800896721483,response_time_raw,monitoring_cluster,hpa-flask-app,default
,mean,0,2026-03-01T04:09:05Z,2026-03-01T05:19:07Z,2026-03-01T04:50:30Z,462.2067912294651,response_time_raw,monitoring_cluster,hpa-flask-app,default
,mean,0,2026-03-01T04:09:05Z,2026-03-01T05:19:07Z,2026-03-01T04:50:40Z,483.1778043652112,response_time_raw,monitoring_cluster,hpa-flask-app,default
,mean,0,2026-03-01T04:09:05Z,2026-03-01T05:19:07Z,2026-03-01T04:50:50Z,515.6287331796716,response_time_raw,monitoring_cluster,hpa-flask-app,default
,mean,0,2026-03-01T04:09:05Z,2026-03-01T05:19:07Z,2026-03-01T04:51:00Z,528.9861997875963,response_time_raw,monitoring_cluster,hpa-flask-app,default
,mean,0,2026-03-01T04:09:05Z,2026-03-01T05:19:07Z,2026-03-01T04:51:10Z,524.2255097720517,response_time_raw,monitoring_cluster,hpa-flask-app,default
,mean,0,2026-03-01T04:09:05Z,2026-03-01T05:19:07Z,2026-03-01T04:51:20Z,515.8104784680891,response_time_raw,monitoring_cluster,hpa-flask-app,default
,mean,0,2026-03-01T04:09:05Z,2026-03-01T05:19:07Z,2026-03-01T04:51:30Z,500.8857954022199,response_time_raw,monitoring_cluster,hpa-flask-app,default
,mean,0,2026-03-01T04:09:05Z,2026-03-01T05:19:07Z,2026-03-01T04:51:40Z,506.90869942896006,response_time_raw,monitoring_cluster,hpa-flask-app,default
,mean,0,2026-03-01T04:09:05Z,2026-03-01T05:19:07Z,2026-03-01T04:51:50Z,502.0083367608039,response_time_raw,monitoring_cluster,hpa-flask-app,default
,mean,0,2026-03-01T04:09:05Z,2026-03-01T05:19:07Z,2026-03-01T04:52:00Z,480.8695384013993,response_time_raw,monitoring_cluster,hpa-flask-app,default
,mean,0,2026-03-01T04:09:05Z,2026-03-01T05:19:07Z,2026-03-01T04:52:10Z,471.94963074520234,response_time_raw,monitoring_cluster,hpa-flask-app,default
,mean,0,2026-03-01T04:09:05Z,2026-03-01T05:19:07Z,2026-03-01T04:52:20Z,461.00438318506696,response_time_raw,monitoring_cluster,hpa-flask-app,default
,mean,0,2026-03-01T04:09:05Z,2026-03-01T05:19:07Z,2026-03-01T04:52:30Z,462.0111091745351,response_time_raw,monitoring_cluster,hpa-flask-app,default
,mean,0,2026-03-01T04:09:05Z,2026-03-01T05:19:07Z,2026-03-01T04:52:40Z,464.0357816173188,response_time_raw,monitoring_cluster,hpa-flask-app,default
,mean,0,2026-03-01T04:09:05Z,2026-03-01T05:19:07Z,2026-03-01T04:52:50Z,466.4470888933829,response_time_raw,monitoring_cluster,hpa-flask-app,default
,mean,0,2026-03-01T04:09:05Z,2026-03-01T05:19:07Z,2026-03-01T04:53:00Z,461.24350411128904,response_time_raw,monitoring_cluster,hpa-flask-app,default
,mean,0,2026-03-01T04:09:05Z,2026-03-01T05:19:07Z,2026-03-01T04:53:10Z,456.01671023051153,response_time_raw,monitoring_cluster,hpa-flask-app,default
,mean,0,2026-03-01T04:09:05Z,2026-03-01T05:19:07Z,2026-03-01T04:53:20Z,449.1839304178087,response_time_raw,monitoring_cluster,hpa-flask-app,default
,mean,0,2026-03-01T04:09:05Z,2026-03-01T05:19:07Z,2026-03-01T04:53:30Z,450.55066229967406,response_time_raw,monitoring_cluster,hpa-flask-app,default
,mean,0,2026-03-01T04:09:05Z,2026-03-01T05:19:07Z,2026-03-01T04:53:40Z,461.37418683624975,response_time_raw,monitoring_cluster,hpa-flask-app,default
,mean,0,2026-03-01T04:09:05Z,2026-03-01T05:19:07Z,2026-03-01T04:53:50Z,462.86063113669104,response_time_raw,monitoring_cluster,hpa-flask-app,default
,mean,0,2026-03-01T04:09:05Z,2026-03-01T05:19:07Z,2026-03-01T04:54:00Z,453.1235826038705,response_time_raw,monitoring_cluster,hpa-flask-app,default
,mean,0,2026-03-01T04:09:05Z,2026-03-01T05:19:07Z,2026-03-01T04:54:10Z,424.3999778226278,response_time_raw,monitoring_cluster,hpa-flask-app,default
,mean,0,2026-03-01T04:09:05Z,2026-03-01T05:19:07Z,2026-03-01T04:54:20Z,370.7465653288845,response_time_raw,monitoring_cluster,hpa-flask-app,default
,mean,0,2026-03-01T04:09:05Z,2026-03-01T05:19:07Z,2026-03-01T04:54:30Z,329.57569533841615,response_time_raw,monitoring_cluster,hpa-flask-app,default
,mean,0,2026-03-01T04:09:05Z,2026-03-01T05:19:07Z,2026-03-01T04:54:40Z,311.32199618789355,response_time_raw,monitoring_cluster,hpa-flask-app,default
,mean,0,2026-03-01T04:09:05Z,2026-03-01T05:19:07Z,2026-03-01T04:54:50Z,323.7042291668661,response_time_raw,monitoring_cluster,hpa-flask-app,default
,mean,0,2026-03-01T04:09:05Z,2026-03-01T05:19:07Z,2026-03-01T04:55:00Z,324.23602355189485,response_time_raw,monitoring_cluster,hpa-flask-app,default
,mean,0,2026-03-01T04:09:05Z,2026-03-01T05:19:07Z,2026-03-01T04:55:10Z,350.57979604178036,response_time_raw,monitoring_cluster,hpa-flask-app,default
,mean,0,2026-03-01T04:09:05Z,2026-03-01T05:19:07Z,2026-03-01T04:55:20Z,406.4341979534579,response_time_raw,monitoring_cluster,hpa-flask-app,default
,mean,0,2026-03-01T04:09:05Z,2026-03-01T05:19:07Z,2026-03-01T04:55:30Z,427.1265344264148,response_time_raw,monitoring_cluster,hpa-flask-app,default
,mean,0,2026-03-01T04:09:05Z,2026-03-01T05:19:07Z,2026-03-01T04:55:40Z,434.09167776234654,response_time_raw,monitoring_cluster,hpa-flask-app,default
,mean,0,2026-03-01T04:09:05Z,2026-03-01T05:19:07Z,2026-03-01T04:55:50Z,428.8588763411415,response_time_raw,monitoring_cluster,hpa-flask-app,default
,mean,0,2026-03-01T04:09:05Z,2026-03-01T05:19:07Z,2026-03-01T04:56:00Z,418.26452134425995,response_time_raw,monitoring_cluster,hpa-flask-app,default
,mean,0,2026-03-01T04:09:05Z,2026-03-01T05:19:07Z,2026-03-01T04:56:10Z,405.39001885689737,response_time_raw,monitoring_cluster,hpa-flask-app,default
,mean,0,2026-03-01T04:09:05Z,2026-03-01T05:19:07Z,2026-03-01T04:56:20Z,426.0662311525556,response_time_raw,monitoring_cluster,hpa-flask-app,default
,mean,0,2026-03-01T04:09:05Z,2026-03-01T05:19:07Z,2026-03-01T04:56:30Z,519.7601824725757,response_time_raw,monitoring_cluster,hpa-flask-app,default
,mean,0,2026-03-01T04:09:05Z,2026-03-01T05:19:07Z,2026-03-01T04:56:40Z,876.5453446900126,response_time_raw,monitoring_cluster,hpa-flask-app,default
,mean,0,2026-03-01T04:09:05Z,2026-03-01T05:19:07Z,2026-03-01T04:56:50Z,1059.3478175341234,response_time_raw,monitoring_cluster,hpa-flask-app,default
,mean,0,2026-03-01T04:09:05Z,2026-03-01T05:19:07Z,2026-03-01T04:57:00Z,1124.5148445508378,response_time_raw,monitoring_cluster,hpa-flask-app,default
,mean,0,2026-03-01T04:09:05Z,2026-03-01T05:19:07Z,2026-03-01T04:57:10Z,1152.081432051773,response_time_raw,monitoring_cluster,hpa-flask-app,default
,mean,0,2026-03-01T04:09:05Z,2026-03-01T05:19:07Z,2026-03-01T04:57:20Z,1160.9744617986828,response_time_raw,monitoring_cluster,hpa-flask-app,default
,mean,0,2026-03-01T04:09:05Z,2026-03-01T05:19:07Z,2026-03-01T04:57:30Z,1161.4988909285914,response_time_raw,monitoring_cluster,hpa-flask-app,default
,mean,0,2026-03-01T04:09:05Z,2026-03-01T05:19:07Z,2026-03-01T04:57:40Z,1161.3207421177592,response_time_raw,monitoring_cluster,hpa-flask-app,default
,mean,0,2026-03-01T04:09:05Z,2026-03-01T05:19:07Z,2026-03-01T04:57:50Z,1151.6435976854657,response_time_raw,monitoring_cluster,hpa-flask-app,default
,mean,0,2026-03-01T04:09:05Z,2026-03-01T05:19:07Z,2026-03-01T04:58:00Z,1133.5645718922015,response_time_raw,monitoring_cluster,hpa-flask-app,default
,mean,0,2026-03-01T04:09:05Z,2026-03-01T05:19:07Z,2026-03-01T04:58:10Z,1118.7979186351522,response_time_raw,monitoring_cluster,hpa-flask-app,default
,mean,0,2026-03-01T04:09:05Z,2026-03-01T05:19:07Z,2026-03-01T04:58:20Z,1109.4154343436878,response_time_raw,monitoring_cluster,hpa-flask-app,default
,mean,0,2026-03-01T04:09:05Z,2026-03-01T05:19:07Z,2026-03-01T04:58:30Z,1114.3280628464074,response_time_raw,monitoring_cluster,hpa-flask-app,default
,mean,0,2026-03-01T04:09:05Z,2026-03-01T05:19:07Z,2026-03-01T04:58:40Z,1112.2147063286584,response_time_raw,monitoring_cluster,hpa-flask-app,default
,mean,0,2026-03-01T04:09:05Z,2026-03-01T05:19:07Z,2026-03-01T04:58:50Z,1086.607475256715,response_time_raw,monitoring_cluster,hpa-flask-app,default
,mean,0,2026-03-01T04:09:05Z,2026-03-01T05:19:07Z,2026-03-01T04:59:00Z,1062.7093531153846,response_time_raw,monitoring_cluster,hpa-flask-app,default
,mean,0,2026-03-01T04:09:05Z,2026-03-01T05:19:07Z,2026-03-01T04:59:10Z,1046.7154910221022,response_time_raw,monitoring_cluster,hpa-flask-app,default
,mean,0,2026-03-01T04:09:05Z,2026-03-01T05:19:07Z,2026-03-01T04:59:20Z,1065.7384374050955,response_time_raw,monitoring_cluster,hpa-flask-app,default
,mean,0,2026-03-01T04:09:05Z,2026-03-01T05:19:07Z,2026-03-01T04:59:30Z,1094.6065397820275,response_time_raw,monitoring_cluster,hpa-flask-app,default
,mean,0,2026-03-01T04:09:05Z,2026-03-01T05:19:07Z,2026-03-01T04:59:40Z,1125.6168857151733,response_time_raw,monitoring_cluster,hpa-flask-app,default
,mean,0,2026-03-01T04:09:05Z,2026-03-01T05:19:07Z,2026-03-01T04:59:50Z,1155.7488909641254,response_time_raw,monitoring_cluster,hpa-flask-app,default
,mean,0,2026-03-01T04:09:05Z,2026-03-01T05:19:07Z,2026-03-01T05:00:00Z,1185.423780193103,response_time_raw,monitoring_cluster,hpa-flask-app,default
,mean,0,2026-03-01T04:09:05Z,2026-03-01T05:19:07Z,2026-03-01T05:00:10Z,1200.5147723096209,response_time_raw,monitoring_cluster,hpa-flask-app,default
,mean,0,2026-03-01T04:09:05Z,2026-03-01T05:19:07Z,2026-03-01T05:00:20Z,1206.8098796355732,response_time_raw,monitoring_cluster,hpa-flask-app,default
,mean,0,2026-03-01T04:09:05Z,2026-03-01T05:19:07Z,2026-03-01T05:00:30Z,1213.4440346204117,response_time_raw,monitoring_cluster,hpa-flask-app,default
,mean,0,2026-03-01T04:09:05Z,2026-03-01T05:19:07Z,2026-03-01T05:00:40Z,1222.1944347025044,response_time_raw,monitoring_cluster,hpa-flask-app,default
,mean,0,2026-03-01T04:09:05Z,2026-03-01T05:19:07Z,2026-03-01T05:00:50Z,1218.9974194525166,response_time_raw,monitoring_cluster,hpa-flask-app,default
,mean,0,2026-03-01T04:09:05Z,2026-03-01T05:19:07Z,2026-03-01T05:01:00Z,1206.9469198851089,response_time_raw,monitoring_cluster,hpa-flask-app,default
,mean,0,2026-03-01T04:09:05Z,2026-03-01T05:19:07Z,2026-03-01T05:01:10Z,1145.8413381245527,response_time_raw,monitoring_cluster,hpa-flask-app,default
,mean,0,2026-03-01T04:09:05Z,2026-03-01T05:19:07Z,2026-03-01T05:01:20Z,1050.954907656386,response_time_raw,monitoring_cluster,hpa-flask-app,default
,mean,0,2026-03-01T04:09:05Z,2026-03-01T05:19:07Z,2026-03-01T05:01:30Z,888.1350783894894,response_time_raw,monitoring_cluster,hpa-flask-app,default
,mean,0,2026-03-01T04:09:05Z,2026-03-01T05:19:07Z,2026-03-01T05:01:40Z,598.8054807494386,response_time_raw,monitoring_cluster,hpa-flask-app,default
,mean,0,2026-03-01T04:09:05Z,2026-03-01T05:19:07Z,2026-03-01T05:01:50Z,521.0965604095218,response_time_raw,monitoring_cluster,hpa-flask-app,default
,mean,0,2026-03-01T04:09:05Z,2026-03-01T05:19:07Z,2026-03-01T05:02:00Z,490.82210966091174,response_time_raw,monitoring_cluster,hpa-flask-app,default
,mean,0,2026-03-01T04:09:05Z,2026-03-01T05:19:07Z,2026-03-01T05:02:10Z,471.69161720419504,response_time_raw,monitoring_cluster,hpa-flask-app,default
,mean,0,2026-03-01T04:09:05Z,2026-03-01T05:19:07Z,2026-03-01T05:02:20Z,443.9400397697414,response_time_raw,monitoring_cluster,hpa-flask-app,default
,mean,0,2026-03-01T04:09:05Z,2026-03-01T05:19:07Z,2026-03-01T05:02:30Z,437.1639865943903,response_time_raw,monitoring_cluster,hpa-flask-app,default
,mean,0,2026-03-01T04:09:05Z,2026-03-01T05:19:07Z,2026-03-01T05:02:40Z,426.33749945412416,response_time_raw,monitoring_cluster,hpa-flask-app,default
,mean,0,2026-03-01T04:09:05Z,2026-03-01T05:19:07Z,2026-03-01T05:02:50Z,407.88995757505745,response_time_raw,monitoring_cluster,hpa-flask-app,default
,mean,0,2026-03-01T04:09:05Z,2026-03-01T05:19:07Z,2026-03-01T05:03:00Z,408.10626357326436,response_time_raw,monitoring_cluster,hpa-flask-app,default
,mean,0,2026-03-01T04:09:05Z,2026-03-01T05:19:07Z,2026-03-01T05:03:10Z,358.52007368149765,response_time_raw,monitoring_cluster,hpa-flask-app,default
,mean,0,2026-03-01T04:09:05Z,2026-03-01T05:19:07Z,2026-03-01T05:03:20Z,306.1404051092866,response_time_raw,monitoring_cluster,hpa-flask-app,default
,mean,0,2026-03-01T04:09:05Z,2026-03-01T05:19:07Z,2026-03-01T05:03:30Z,273.30438139636004,response_time_raw,monitoring_cluster,hpa-flask-app,default
,mean,0,2026-03-01T04:09:05Z,2026-03-01T05:19:07Z,2026-03-01T05:03:40Z,268.61985036585486,response_time_raw,monitoring_cluster,hpa-flask-app,default
,mean,0,2026-03-01T04:09:05Z,2026-03-01T05:19:07Z,2026-03-01T05:03:50Z,265.3544396140813,response_time_raw,monitoring_cluster,hpa-flask-app,default
,mean,0,2026-03-01T04:09:05Z,2026-03-01T05:19:07Z,2026-03-01T05:04:00Z,264.28782815019736,response_time_raw,monitoring_cluster,hpa-flask-app,default
,mean,0,2026-03-01T04:09:05Z,2026-03-01T05:19:07Z,2026-03-01T05:04:10Z,264.4289849351767,response_time_raw,monitoring_cluster,hpa-flask-app,default
,mean,0,2026-03-01T04:09:05Z,2026-03-01T05:19:07Z,2026-03-01T05:04:20Z,266.38074488344853,response_time_raw,monitoring_cluster,hpa-flask-app,default
,mean,0,2026-03-01T04:09:05Z,2026-03-01T05:19:07Z,2026-03-01T05:04:30Z,266.91376626315537,response_time_raw,monitoring_cluster,hpa-flask-app,default
,mean,0,2026-03-01T04:09:05Z,2026-03-01T05:19:07Z,2026-03-01T05:04:40Z,264.89470202192047,response_time_raw,monitoring_cluster,hpa-flask-app,default
,mean,0,2026-03-01T04:09:05Z,2026-03-01T05:19:07Z,2026-03-01T05:04:50Z,264.37413072612975,response_time_raw,monitoring_cluster,hpa-flask-app,default
,mean,0,2026-03-01T04:09:05Z,2026-03-01T05:19:07Z,2026-03-01T05:05:00Z,266.4173435744739,response_time_raw,monitoring_cluster,hpa-flask-app,default
,mean,0,2026-03-01T04:09:05Z,2026-03-01T05:19:07Z,2026-03-01T05:05:10Z,267.6775933910422,response_time_raw,monitoring_cluster,hpa-flask-app,default
,mean,0,2026-03-01T04:09:05Z,2026-03-01T05:19:07Z,2026-03-01T05:05:20Z,267.95466993718395,response_time_raw,monitoring_cluster,hpa-flask-app,default
,mean,0,2026-03-01T04:09:05Z,2026-03-01T05:19:07Z,2026-03-01T05:05:30Z,264.3845435997277,response_time_raw,monitoring_cluster,hpa-flask-app,default
,mean,0,2026-03-01T04:09:05Z,2026-03-01T05:19:07Z,2026-03-01T05:05:40Z,259.84794524232456,response_time_raw,monitoring_cluster,hpa-flask-app,default
,mean,0,2026-03-01T04:09:05Z,2026-03-01T05:19:07Z,2026-03-01T05:05:50Z,257.9155450678577,response_time_raw,monitoring_cluster,hpa-flask-app,default
,mean,0,2026-03-01T04:09:05Z,2026-03-01T05:19:07Z,2026-03-01T05:06:00Z,256.1871920660918,response_time_raw,monitoring_cluster,hpa-flask-app,default
,mean,0,2026-03-01T04:09:05Z,2026-03-01T05:19:07Z,2026-03-01T05:06:10Z,255.33179202184652,response_time_raw,monitoring_cluster,hpa-flask-app,default
,mean,0,2026-03-01T04:09:05Z,2026-03-01T05:19:07Z,2026-03-01T05:06:20Z,255.16084061804062,response_time_raw,monitoring_cluster,hpa-flask-app,default
,mean,0,2026-03-01T04:09:05Z,2026-03-01T05:19:07Z,2026-03-01T05:06:30Z,251.96928410839737,response_time_raw,monitoring_cluster,hpa-flask-app,default
,mean,0,2026-03-01T04:09:05Z,2026-03-01T05:19:07Z,2026-03-01T05:06:40Z,249.23969727411915,response_time_raw,monitoring_cluster,hpa-flask-app,default
,mean,0,2026-03-01T04:09:05Z,2026-03-01T05:19:07Z,2026-03-01T05:06:50Z,241.77910052190458,response_time_raw,monitoring_cluster,hpa-flask-app,default
,mean,0,2026-03-01T04:09:05Z,2026-03-01T05:19:07Z,2026-03-01T05:07:00Z,249.08660068822482,response_time_raw,monitoring_cluster,hpa-flask-app,default
,mean,0,2026-03-01T04:09:05Z,2026-03-01T05:19:07Z,2026-03-01T05:07:10Z,258.13319992780225,response_time_raw,monitoring_cluster,hpa-flask-app,default
,mean,0,2026-03-01T04:09:05Z,2026-03-01T05:19:07Z,2026-03-01T05:07:20Z,262.4979952740549,response_time_raw,monitoring_cluster,hpa-flask-app,default
,mean,0,2026-03-01T04:09:05Z,2026-03-01T05:19:07Z,2026-03-01T05:07:30Z,262.67546349595665,response_time_raw,monitoring_cluster,hpa-flask-app,default
,mean,0,2026-03-01T04:09:05Z,2026-03-01T05:19:07Z,2026-03-01T05:07:40Z,259.75809254459904,response_time_raw,monitoring_cluster,hpa-flask-app,default
,mean,0,2026-03-01T04:09:05Z,2026-03-01T05:19:07Z,2026-03-01T05:07:50Z,259.7119080881995,response_time_raw,monitoring_cluster,hpa-flask-app,default
,mean,0,2026-03-01T04:09:05Z,2026-03-01T05:19:07Z,2026-03-01T05:08:00Z,266.4763618762407,response_time_raw,monitoring_cluster,hpa-flask-app,default
,mean,0,2026-03-01T04:09:05Z,2026-03-01T05:19:07Z,2026-03-01T05:08:10Z,266.81572366763214,response_time_raw,monitoring_cluster,hpa-flask-app,default
,mean,0,2026-03-01T04:09:05Z,2026-03-01T05:19:07Z,2026-03-01T05:08:20Z,262.0078855796491,response_time_raw,monitoring_cluster,hpa-flask-app,default
,mean,0,2026-03-01T04:09:05Z,2026-03-01T05:19:07Z,2026-03-01T05:08:30Z,259.0068808757888,response_time_raw,monitoring_cluster,hpa-flask-app,default
,mean,0,2026-03-01T04:09:05Z,2026-03-01T05:19:07Z,2026-03-01T05:08:40Z,256.99660185361705,response_time_raw,monitoring_cluster,hpa-flask-app,default
,mean,0,2026-03-01T04:09:05Z,2026-03-01T05:19:07Z,2026-03-01T05:08:50Z,256.7596760447387,response_time_raw,monitoring_cluster,hpa-flask-app,default
,mean,0,2026-03-01T04:09:05Z,2026-03-01T05:19:07Z,2026-03-01T05:09:00Z,257.02178707061626,response_time_raw,monitoring_cluster,hpa-flask-app,default
,mean,0,2026-03-01T04:09:05Z,2026-03-01T05:19:07Z,2026-03-01T05:09:10Z,257.26168042418635,response_time_raw,monitoring_cluster,hpa-flask-app,default
,mean,0,2026-03-01T04:09:05Z,2026-03-01T05:19:07Z,2026-03-01T05:09:20Z,256.69124662964146,response_time_raw,monitoring_cluster,hpa-flask-app,default
,mean,0,2026-03-01T04:09:05Z,2026-03-01T05:19:07Z,2026-03-01T05:09:30Z,256.24871812884044,response_time_raw,monitoring_cluster,hpa-flask-app,default
,mean,0,2026-03-01T04:09:05Z,2026-03-01T05:19:07Z,2026-03-01T05:09:40Z,275.9065082668618,response_time_raw,monitoring_cluster,hpa-flask-app,default
,mean,0,2026-03-01T04:09:05Z,2026-03-01T05:19:07Z,2026-03-01T05:09:50Z,277.5082577040407,response_time_raw,monitoring_cluster,hpa-flask-app,default
,mean,0,2026-03-01T04:09:05Z,2026-03-01T05:19:07Z,2026-03-01T05:10:00Z,279.95302337608655,response_time_raw,monitoring_cluster,hpa-flask-app,default
,mean,0,2026-03-01T04:09:05Z,2026-03-01T05:19:07Z,2026-03-01T05:10:10Z,278.3603309170262,response_time_raw,monitoring_cluster,hpa-flask-app,default
,mean,0,2026-03-01T04:09:05Z,2026-03-01T05:19:07Z,2026-03-01T05:10:20Z,275.8679445494673,response_time_raw,monitoring_cluster,hpa-flask-app,default
,mean,0,2026-03-01T04:09:05Z,2026-03-01T05:19:07Z,2026-03-01T05:10:30Z,268.8714479212738,response_time_raw,monitoring_cluster,hpa-flask-app,default
,mean,0,2026-03-01T04:09:05Z,2026-03-01T05:19:07Z,2026-03-01T05:10:40Z,243.3959583301688,response_time_raw,monitoring_cluster,hpa-flask-app,default
,mean,0,2026-03-01T04:09:05Z,2026-03-01T05:19:07Z,2026-03-01T05:10:50Z,232.56932773109244,response_time_raw,monitoring_cluster,hpa-flask-app,default
,mean,0,2026-03-01T04:09:05Z,2026-03-01T05:19:07Z,2026-03-01T05:11:00Z,231.3515211640212,response_time_raw,monitoring_cluster,hpa-flask-app,default
,mean,0,2026-03-01T04:09:05Z,2026-03-01T05:19:07Z,2026-03-01T05:11:10Z,235.3640289449113,response_time_raw,monitoring_cluster,hpa-flask-app,default
,mean,0,2026-03-01T04:09:05Z,2026-03-01T05:19:07Z,2026-03-01T05:11:20Z,239.97420634920633,response_time_raw,monitoring_cluster,hpa-flask-app,default
,mean,0,2026-03-01T04:09:05Z,2026-03-01T05:19:07Z,2026-03-01T05:11:30Z,242.0823412698413,response_time_raw,monitoring_cluster,hpa-flask-app,default
,mean,0,2026-03-01T04:09:05Z,2026-03-01T05:19:07Z,2026-03-01T05:11:40Z,239.44607843137257,response_time_raw,monitoring_cluster,hpa-flask-app,default
,mean,0,2026-03-01T04:09:05Z,2026-03-01T05:19:07Z,2026-03-01T05:11:50Z,109.73611111111111,response_time_raw,monitoring_cluster,hpa-flask-app,default
,mean,0,2026-03-01T04:09:05Z,2026-03-01T05:19:07Z,2026-03-01T05:12:00Z,0,response_time_raw,monitoring_cluster,hpa-flask-app,default
,mean,0,2026-03-01T04:09:05Z,2026-03-01T05:19:07Z,2026-03-01T05:12:10Z,0,response_time_raw,monitoring_cluster,hpa-flask-app,default
,mean,0,2026-03-01T04:09:05Z,2026-03-01T05:19:07Z,2026-03-01T05:12:20Z,0,response_time_raw,monitoring_cluster,hpa-flask-app,default
,mean,0,2026-03-01T04:09:05Z,2026-03-01T05:19:07Z,2026-03-01T05:12:30Z,0,response_time_raw,monitoring_cluster,hpa-flask-app,default
,mean,0,2026-03-01T04:09:05Z,2026-03-01T05:19:07Z,2026-03-01T05:12:40Z,0,response_time_raw,monitoring_cluster,hpa-flask-app,default
,mean,0,2026-03-01T04:09:05Z,2026-03-01T05:19:07Z,2026-03-01T05:12:50Z,0,response_time_raw,monitoring_cluster,hpa-flask-app,default
,mean,0,2026-03-01T04:09:05Z,2026-03-01T05:19:07Z,2026-03-01T05:13:00Z,0,response_time_raw,monitoring_cluster,hpa-flask-app,default
,mean,0,2026-03-01T04:09:05Z,2026-03-01T05:19:07Z,2026-03-01T05:13:10Z,0,response_time_raw,monitoring_cluster,hpa-flask-app,default
,mean,0,2026-03-01T04:09:05Z,2026-03-01T05:19:07Z,2026-03-01T05:13:20Z,0,response_time_raw,monitoring_cluster,hpa-flask-app,default
,mean,0,2026-03-01T04:09:05Z,2026-03-01T05:19:07Z,2026-03-01T05:13:30Z,0,response_time_raw,monitoring_cluster,hpa-flask-app,default
,mean,0,2026-03-01T04:09:05Z,2026-03-01T05:19:07Z,2026-03-01T05:13:40Z,0,response_time_raw,monitoring_cluster,hpa-flask-app,default
,mean,0,2026-03-01T04:09:05Z,2026-03-01T05:19:07Z,2026-03-01T05:13:50Z,0,response_time_raw,monitoring_cluster,hpa-flask-app,default
,mean,0,2026-03-01T04:09:05Z,2026-03-01T05:19:07Z,2026-03-01T05:14:00Z,0,response_time_raw,monitoring_cluster,hpa-flask-app,default
,mean,0,2026-03-01T04:09:05Z,2026-03-01T05:19:07Z,2026-03-01T05:14:10Z,0,response_time_raw,monitoring_cluster,hpa-flask-app,default
,mean,0,2026-03-01T04:09:05Z,2026-03-01T05:19:07Z,2026-03-01T05:14:20Z,0,response_time_raw,monitoring_cluster,hpa-flask-app,default
,mean,0,2026-03-01T04:09:05Z,2026-03-01T05:19:07Z,2026-03-01T05:14:30Z,0,response_time_raw,monitoring_cluster,hpa-flask-app,default
,mean,0,2026-03-01T04:09:05Z,2026-03-01T05:19:07Z,2026-03-01T05:14:40Z,0,response_time_raw,monitoring_cluster,hpa-flask-app,default
,mean,0,2026-03-01T04:09:05Z,2026-03-01T05:19:07Z,2026-03-01T05:14:50Z,0,response_time_raw,monitoring_cluster,hpa-flask-app,default
,mean,0,2026-03-01T04:09:05Z,2026-03-01T05:19:07Z,2026-03-01T05:15:00Z,0,response_time_raw,monitoring_cluster,hpa-flask-app,default
,mean,0,2026-03-01T04:09:05Z,2026-03-01T05:19:07Z,2026-03-01T05:15:10Z,0,response_time_raw,monitoring_cluster,hpa-flask-app,default
,mean,0,2026-03-01T04:09:05Z,2026-03-01T05:19:07Z,2026-03-01T05:15:20Z,0,response_time_raw,monitoring_cluster,hpa-flask-app,default
,mean,0,2026-03-01T04:09:05Z,2026-03-01T05:19:07Z,2026-03-01T05:15:30Z,0,response_time_raw,monitoring_cluster,hpa-flask-app,default
,mean,0,2026-03-01T04:09:05Z,2026-03-01T05:19:07Z,2026-03-01T05:15:40Z,0,response_time_raw,monitoring_cluster,hpa-flask-app,default
,mean,0,2026-03-01T04:09:05Z,2026-03-01T05:19:07Z,2026-03-01T05:15:50Z,0,response_time_raw,monitoring_cluster,hpa-flask-app,default
,mean,0,2026-03-01T04:09:05Z,2026-03-01T05:19:07Z,2026-03-01T05:16:00Z,0,response_time_raw,monitoring_cluster,hpa-flask-app,default
,mean,0,2026-03-01T04:09:05Z,2026-03-01T05:19:07Z,2026-03-01T05:16:10Z,0,response_time_raw,monitoring_cluster,hpa-flask-app,default
,mean,0,2026-03-01T04:09:05Z,2026-03-01T05:19:07Z,2026-03-01T05:16:20Z,0,response_time_raw,monitoring_cluster,hpa-flask-app,default
,mean,0,2026-03-01T04:09:05Z,2026-03-01T05:19:07Z,2026-03-01T05:16:30Z,0,response_time_raw,monitoring_cluster,hpa-flask-app,default
,mean,0,2026-03-01T04:09:05Z,2026-03-01T05:19:07Z,2026-03-01T05:16:40Z,0,response_time_raw,monitoring_cluster,hpa-flask-app,default
,mean,0,2026-03-01T04:09:05Z,2026-03-01T05:19:07Z,2026-03-01T05:16:50Z,0,response_time_raw,monitoring_cluster,hpa-flask-app,default
,mean,0,2026-03-01T04:09:05Z,2026-03-01T05:19:07Z,2026-03-01T05:17:00Z,0,response_time_raw,monitoring_cluster,hpa-flask-app,default
,mean,0,2026-03-01T04:09:05Z,2026-03-01T05:19:07Z,2026-03-01T05:17:10Z,0,response_time_raw,monitoring_cluster,hpa-flask-app,default
,mean,0,2026-03-01T04:09:05Z,2026-03-01T05:19:07Z,2026-03-01T05:17:20Z,0,response_time_raw,monitoring_cluster,hpa-flask-app,default
,mean,0,2026-03-01T04:09:05Z,2026-03-01T05:19:07Z,2026-03-01T05:17:30Z,0,response_time_raw,monitoring_cluster,hpa-flask-app,default
,mean,0,2026-03-01T04:09:05Z,2026-03-01T05:19:07Z,2026-03-01T05:17:40Z,0,response_time_raw,monitoring_cluster,hpa-flask-app,default
,mean,0,2026-03-01T04:09:05Z,2026-03-01T05:19:07Z,2026-03-01T05:17:50Z,0,response_time_raw,monitoring_cluster,hpa-flask-app,default
,mean,0,2026-03-01T04:09:05Z,2026-03-01T05:19:07Z,2026-03-01T05:18:00Z,0,response_time_raw,monitoring_cluster,hpa-flask-app,default
,mean,0,2026-03-01T04:09:05Z,2026-03-01T05:19:07Z,2026-03-01T05:18:10Z,0,response_time_raw,monitoring_cluster,hpa-flask-app,default
,mean,0,2026-03-01T04:09:05Z,2026-03-01T05:19:07Z,2026-03-01T05:18:20Z,0,response_time_raw,monitoring_cluster,hpa-flask-app,default
,mean,0,2026-03-01T04:09:05Z,2026-03-01T05:19:07Z,2026-03-01T05:18:30Z,0,response_time_raw,monitoring_cluster,hpa-flask-app,default
,mean,0,2026-03-01T04:09:05Z,2026-03-01T05:19:07Z,2026-03-01T05:18:40Z,0,response_time_raw,monitoring_cluster,hpa-flask-app,default
,mean,0,2026-03-01T04:09:05Z,2026-03-01T05:19:07Z,2026-03-01T05:18:50Z,0,response_time_raw,monitoring_cluster,hpa-flask-app,default
,mean,0,2026-03-01T04:09:05Z,2026-03-01T05:19:07Z,2026-03-01T05:19:00Z,0,response_time_raw,monitoring_cluster,hpa-flask-app,default
,mean,0,2026-03-01T04:09:05Z,2026-03-01T05:19:07Z,2026-03-01T05:19:07Z,0,response_time_raw,monitoring_cluster,hpa-flask-app,default

